%YAML:1.0
exampleSizeWidth: 10
exampleSizeHeight: 14
PCAmean: !!opencv-matrix
   rows: 1
   cols: 140
   dt: f
   data: [ 9.70797390e-02, 9.67143700e-02, 9.66764688e-02,
       9.74036977e-02, 9.85606238e-02, 9.85606238e-02, 9.74036977e-02,
       9.66764763e-02, 9.67143774e-02, 9.70797464e-02, 9.71721858e-02,
       9.62425172e-02, 9.50998738e-02, 8.90285373e-02, 8.30322132e-02,
       8.30322206e-02, 8.90285298e-02, 9.50998738e-02, 9.62425172e-02,
       9.71721858e-02, 9.69921052e-02, 9.32652950e-02, 7.64583945e-02,
       5.65708764e-02, 5.39431013e-02, 5.39430976e-02, 5.65708764e-02,
       7.64583945e-02, 9.32652950e-02, 9.69921052e-02, 9.88455862e-02,
       8.85189846e-02, 5.38791828e-02, 5.51004708e-02, 7.20039457e-02,
       7.20039457e-02, 5.51004745e-02, 5.38791828e-02, 8.85189846e-02,
       9.88455862e-02, 9.81427729e-02, 8.04576948e-02, 4.89780828e-02,
       7.16200322e-02, 8.38709101e-02, 8.38709176e-02, 7.16200322e-02,
       4.89780791e-02, 8.04577023e-02, 9.81427729e-02, 9.58649516e-02,
       7.37109408e-02, 4.95258309e-02, 7.66924322e-02, 8.11219662e-02,
       8.11219662e-02, 7.66924471e-02, 4.95258346e-02, 7.37109408e-02,
       9.58649591e-02, 9.45081934e-02, 7.08542019e-02, 4.99284677e-02,
       7.79956505e-02, 8.03957805e-02, 8.03957880e-02, 7.79956505e-02,
       4.99284640e-02, 7.08542094e-02, 9.45081934e-02, 9.45081934e-02,
       7.08542094e-02, 4.99284677e-02, 7.79956505e-02, 8.03957880e-02,
       8.03957805e-02, 7.79956579e-02, 4.99284714e-02, 7.08542094e-02,
       9.45081860e-02, 9.58649516e-02, 7.37109482e-02, 4.95258346e-02,
       7.66924396e-02, 8.11219662e-02, 8.11219662e-02, 7.66924396e-02,
       4.95258346e-02, 7.37109482e-02, 9.58649591e-02, 9.81427729e-02,
       8.04577097e-02, 4.89780754e-02, 7.16200247e-02, 8.38709176e-02,
       8.38709176e-02, 7.16200247e-02, 4.89780828e-02, 8.04576874e-02,
       9.81427804e-02, 9.88455787e-02, 8.85189846e-02, 5.38791865e-02,
       5.51004745e-02, 7.20039383e-02, 7.20039532e-02, 5.51004745e-02,
       5.38791865e-02, 8.85189772e-02, 9.88455862e-02, 9.69921052e-02,
       9.32652950e-02, 7.64583945e-02, 5.65708764e-02, 5.39430976e-02,
       5.39431013e-02, 5.65708764e-02, 7.64583945e-02, 9.32652801e-02,
       9.69921052e-02, 9.71721858e-02, 9.62425172e-02, 9.50998738e-02,
       8.90285298e-02, 8.30322057e-02, 8.30322132e-02, 8.90285373e-02,
       9.50998738e-02, 9.62425172e-02, 9.71721858e-02, 9.70797464e-02,
       9.67143774e-02, 9.66764688e-02, 9.74036977e-02, 9.85606238e-02,
       9.85606164e-02, 9.74036977e-02, 9.66764763e-02, 9.67143774e-02,
       9.70797464e-02 ]
PCAeigenvectors: !!opencv-matrix
   rows: 7
   cols: 140
   dt: f
   data: [ 5.86016811e-02, 5.72575778e-02, 5.50785847e-02,
       5.17380685e-02, 4.35532369e-02, 4.35532369e-02, 5.17380647e-02,
       5.50784990e-02, 5.72575480e-02, 5.86016923e-02, 5.07209860e-02,
       3.96445170e-02, 2.78650578e-02, 1.05820121e-02, -9.19201504e-03,
       -9.19201970e-03, 1.05820149e-02, 2.78650541e-02, 3.96444984e-02,
       5.07209562e-02, 5.27327098e-02, 4.35599238e-02, 1.37981251e-02,
       -7.77878985e-03, -1.19662322e-02, -1.19662294e-02,
       -7.77878752e-03, 1.37981251e-02, 4.35598977e-02, 5.27326874e-02,
       4.48092856e-02, 4.69680168e-02, 2.74457149e-02, -4.33733836e-02,
       -1.08044192e-01, -1.08044185e-01, -4.33733873e-02, 2.74457149e-02,
       4.69680056e-02, 4.48092744e-02, 3.27580981e-02, 3.88752744e-02,
       -1.33627700e-03, -1.29475921e-01, -1.87225059e-01,
       -1.87225044e-01, -1.29475921e-01, -1.33627781e-03, 3.88752706e-02,
       3.27580906e-02, 3.86499539e-02, 4.43302132e-02, -2.07663830e-02,
       -1.63588285e-01, -2.12459102e-01, -2.12459087e-01,
       -1.63588285e-01, -2.07663998e-02, 4.43302020e-02, 3.86499502e-02,
       3.85401398e-02, 5.15074469e-02, -3.15190814e-02, -1.65319353e-01,
       -2.10505679e-01, -2.10505694e-01, -1.65319368e-01,
       -3.15190963e-02, 5.15074357e-02, 3.85401398e-02, 3.85401323e-02,
       5.15074506e-02, -3.15190740e-02, -1.65319353e-01, -2.10505679e-01,
       -2.10505709e-01, -1.65319368e-01, -3.15190963e-02, 5.15074395e-02,
       3.85401361e-02, 3.86499427e-02, 4.43302058e-02, -2.07663868e-02,
       -1.63588300e-01, -2.12459087e-01, -2.12459087e-01,
       -1.63588300e-01, -2.07663979e-02, 4.43302132e-02, 3.86499427e-02,
       3.27580869e-02, 3.88752632e-02, -1.33627758e-03, -1.29475906e-01,
       -1.87225029e-01, -1.87225059e-01, -1.29475936e-01,
       -1.33628165e-03, 3.88752669e-02, 3.27580832e-02, 4.48092669e-02,
       4.69679944e-02, 2.74457075e-02, -4.33733873e-02, -1.08044185e-01,
       -1.08044192e-01, -4.33733985e-02, 2.74457093e-02, 4.69679981e-02,
       4.48092744e-02, 5.27326800e-02, 4.35599014e-02, 1.37981316e-02,
       -7.77878473e-03, -1.19662276e-02, -1.19662238e-02,
       -7.77878473e-03, 1.37981288e-02, 4.35598902e-02, 5.27326725e-02,
       5.07209562e-02, 3.96445021e-02, 2.78650578e-02, 1.05820168e-02,
       -9.19200946e-03, -9.19202622e-03, 1.05820177e-02, 2.78650541e-02,
       3.96444872e-02, 5.07209376e-02, 5.86016811e-02, 5.72575144e-02,
       5.50784804e-02, 5.17380498e-02, 4.35532331e-02, 4.35532257e-02,
       5.17380573e-02, 5.50784767e-02, 5.72575182e-02, 5.86016588e-02,
       2.98255924e-02, 2.94731595e-02, 4.95506451e-02, 5.53439967e-02,
       2.30184477e-02, 2.30184551e-02, 5.53440265e-02, 4.95506637e-02,
       2.94731557e-02, 2.98255999e-02, 3.10688652e-02, 3.46963517e-02,
       2.95826048e-02, 5.34665119e-03, -4.06131633e-02, -4.06131633e-02,
       5.34665212e-03, 2.95826066e-02, 3.46963629e-02, 3.10688764e-02,
       4.54569198e-02, 6.50081709e-02, -1.92538109e-02, -1.28463596e-01,
       -1.44308850e-01, -1.44308850e-01, -1.28463596e-01,
       -1.92538034e-02, 6.50081709e-02, 4.54569273e-02, 6.89496174e-02,
       4.86682728e-02, -1.47127509e-01, -1.33087367e-01, -9.11898073e-03,
       -9.11897048e-03, -1.33087382e-01, -1.47127509e-01, 4.86682877e-02,
       6.89496249e-02, 9.64984521e-02, 2.20422051e-03, -1.87255412e-01,
       -1.10660400e-02, 4.09304537e-02, 4.09304611e-02, -1.10660316e-02,
       -1.87255397e-01, 2.20423378e-03, 9.64984596e-02, 1.05053067e-01,
       -3.90140973e-02, -1.84414849e-01, 4.68076803e-02, 3.86047214e-02,
       3.86047214e-02, 4.68076840e-02, -1.84414834e-01, -3.90140824e-02,
       1.05053067e-01, 8.68898705e-02, -7.30541572e-02, -1.73738778e-01,
       6.48341328e-02, 5.66826612e-02, 5.66826500e-02, 6.48341402e-02,
       -1.73738763e-01, -7.30541423e-02, 8.68898779e-02, 8.68898779e-02,
       -7.30541646e-02, -1.73738748e-01, 6.48341328e-02, 5.66826500e-02,
       5.66826575e-02, 6.48341253e-02, -1.73738778e-01, -7.30541423e-02,
       8.68898779e-02, 1.05053052e-01, -3.90140973e-02, -1.84414864e-01,
       4.68076728e-02, 3.86047177e-02, 3.86047140e-02, 4.68076803e-02,
       -1.84414849e-01, -3.90140861e-02, 1.05053067e-01, 9.64984372e-02,
       2.20421515e-03, -1.87255397e-01, -1.10660233e-02, 4.09304611e-02,
       4.09304686e-02, -1.10660391e-02, -1.87255412e-01, 2.20422586e-03,
       9.64984372e-02, 6.89495951e-02, 4.86682691e-02, -1.47127524e-01,
       -1.33087367e-01, -9.11895931e-03, -9.11897421e-03,
       -1.33087367e-01, -1.47127494e-01, 4.86682802e-02, 6.89495876e-02,
       4.54569049e-02, 6.50081709e-02, -1.92538165e-02, -1.28463611e-01,
       -1.44308835e-01, -1.44308850e-01, -1.28463626e-01,
       -1.92538109e-02, 6.50081709e-02, 4.54569086e-02, 3.10688578e-02,
       3.46963555e-02, 2.95825880e-02, 5.34663582e-03, -4.06131744e-02,
       -4.06131782e-02, 5.34664560e-03, 2.95825936e-02, 3.46963480e-02,
       3.10688708e-02, 2.98255812e-02, 2.94731557e-02, 4.95506451e-02,
       5.53440154e-02, 2.30184142e-02, 2.30184253e-02, 5.53440228e-02,
       4.95506525e-02, 2.94731427e-02, 2.98255812e-02, -3.29938391e-03,
       -8.85633659e-03, 1.51595445e-02, 9.38222371e-03, -3.30558978e-03,
       3.30560305e-03, -9.38220881e-03, -1.51594868e-02, 8.85635708e-03,
