<?xml version="1.0"?>
<opencv_storage>
<images>
droid/IMG_20110906_162648.jpg  droid/IMG_20110906_162817.jpg
droid/IMG_20110906_162717.jpg  droid/IMG_20110906_162834.jpg
droid/IMG_20110906_162726.jpg  droid/IMG_20110906_162840.jpg
droid/IMG_20110906_162737.jpg  droid/IMG_20110906_162846.jpg
droid/IMG_20110906_162744.jpg  droid/IMG_20110906_162912.jpg
droid/IMG_20110906_162758.jpg  droid/IMG_20110906_162945.jpg
</images>
</opencv_storage>
