%YAML:1.0
exampleSizeWidth: 16
exampleSizeHeight: 19
PCAmean: !!opencv-matrix
   rows: 1
   cols: 304
   dt: f
   data: [ 7.26121590e-02, 7.19974115e-02, 7.21153021e-02,
       7.24839866e-02, 7.22879469e-02, 7.21833780e-02, 7.26174489e-02,
       7.29471669e-02, 7.29471669e-02, 7.26174563e-02, 7.21833855e-02,
       7.22879469e-02, 7.24839792e-02, 7.21153095e-02, 7.19974041e-02,
       7.26121664e-02, 7.10323006e-02, 6.71515390e-02, 6.34418800e-02,
       6.27812147e-02, 6.26364350e-02, 6.24240339e-02, 6.30353764e-02,
       6.31350651e-02, 6.31350726e-02, 6.30353764e-02, 6.24240339e-02,
       6.26364276e-02, 6.27811998e-02, 6.34418800e-02, 6.71515390e-02,
       7.10323006e-02, 6.85788468e-02, 5.62431291e-02, 4.65823337e-02,
       4.52899784e-02, 4.49250303e-02, 4.47412394e-02, 4.53147665e-02,
       4.51948121e-02, 4.51948121e-02, 4.53147665e-02, 4.47412431e-02,
       4.49250303e-02, 4.52899784e-02, 4.65823375e-02, 5.62431291e-02,
       6.85788542e-02, 6.63579106e-02, 4.67840992e-02, 3.53301205e-02,
       3.61417271e-02, 3.55962366e-02, 3.53618972e-02, 3.55907381e-02,
       3.54198068e-02, 3.54198106e-02, 3.55907381e-02, 3.53619009e-02,
       3.55962366e-02, 3.61417234e-02, 3.53301205e-02, 4.67840955e-02,
       6.63579032e-02, 6.50143176e-02, 4.29206975e-02, 3.55670303e-02,
       4.11562994e-02, 4.06599753e-02, 4.01023701e-02, 3.98053415e-02,
       3.96737792e-02, 3.96737717e-02, 3.98053452e-02, 4.01023738e-02,
       4.06599715e-02, 4.11562994e-02, 3.55670303e-02, 4.29206975e-02,
       6.50143176e-02, 6.48845807e-02, 4.51247916e-02, 4.53610532e-02,
       5.64941838e-02, 5.61775230e-02, 5.50353229e-02, 5.41528426e-02,
       5.40236086e-02, 5.40236086e-02, 5.41528463e-02, 5.50353229e-02,
       5.61775230e-02, 5.64941838e-02, 4.53610495e-02, 4.51247916e-02,
       6.48845807e-02, 6.49566352e-02, 4.63347211e-02, 4.97788005e-02,
       6.25188872e-02, 6.26215786e-02, 6.08717017e-02, 5.87770753e-02,
       5.72424419e-02, 5.72424419e-02, 5.87770790e-02, 6.08716980e-02,
       6.26215786e-02, 6.25189021e-02, 4.97788042e-02, 4.63347286e-02,
       6.49566352e-02, 6.47816211e-02, 4.61349040e-02, 4.95598763e-02,
       6.12406172e-02, 6.12097159e-02, 5.98499142e-02, 5.67189828e-02,
       5.27985878e-02, 5.27985841e-02, 5.67189753e-02, 5.98499179e-02,
       6.12097122e-02, 6.12406172e-02, 4.95598763e-02, 4.61349078e-02,
       6.47816285e-02, 6.45947009e-02, 4.59132157e-02, 4.96216081e-02,
       6.09714538e-02, 6.06388450e-02, 5.97895496e-02, 5.57002574e-02,
       5.05704768e-02, 5.05704768e-02, 5.57002611e-02, 5.97895496e-02,
       6.06388487e-02, 6.09714538e-02, 4.96216081e-02, 4.59132120e-02,
       6.45947009e-02, 6.45400509e-02, 4.58347648e-02, 4.96733151e-02,
       6.09138422e-02, 6.04469627e-02, 5.97777106e-02, 5.53641245e-02,
       4.98560145e-02, 4.98560145e-02, 5.53641245e-02, 5.97777106e-02,
       6.04469702e-02, 6.09138459e-02, 4.96733151e-02, 4.58347648e-02,
       6.45400584e-02, 6.45946935e-02, 4.59132157e-02, 4.96216081e-02,
       6.09714538e-02, 6.06388450e-02, 5.97895421e-02, 5.57002574e-02,
       5.05704805e-02, 5.05704805e-02, 5.57002574e-02, 5.97895496e-02,
       6.06388412e-02, 6.09714463e-02, 4.96216081e-02, 4.59132120e-02,
       6.45947009e-02, 6.47816211e-02, 4.61349078e-02, 4.95598763e-02,
       6.12406172e-02, 6.12097122e-02, 5.98499104e-02, 5.67189828e-02,
       5.27985841e-02, 5.27985841e-02, 5.67189828e-02, 5.98499142e-02,
       6.12097159e-02, 6.12406172e-02, 4.95598763e-02, 4.61349040e-02,
       6.47816285e-02, 6.49566352e-02, 4.63347286e-02, 4.97788005e-02,
       6.25188947e-02, 6.26215786e-02, 6.08717017e-02, 5.87770790e-02,
       5.72424419e-02, 5.72424419e-02, 5.87770753e-02, 6.08716980e-02,
       6.26215786e-02, 6.25188947e-02, 4.97788042e-02, 4.63347249e-02,
       6.49566278e-02, 6.48845807e-02, 4.51247841e-02, 4.53610569e-02,
       5.64941801e-02, 5.61775193e-02, 5.50353192e-02, 5.41528426e-02,
       5.40236086e-02, 5.40236086e-02, 5.41528463e-02, 5.50353192e-02,
       5.61775230e-02, 5.64941838e-02, 4.53610532e-02, 4.51247916e-02,
       6.48845807e-02, 6.50143251e-02, 4.29206975e-02, 3.55670303e-02,
       4.11562994e-02, 4.06599715e-02, 4.01023738e-02, 3.98053490e-02,
       3.96737717e-02, 3.96737792e-02, 3.98053452e-02, 4.01023775e-02,
       4.06599753e-02, 4.11562994e-02, 3.55670303e-02, 4.29206975e-02,
       6.50143176e-02, 6.63579032e-02, 4.67840992e-02, 3.53301205e-02,
       3.61417234e-02, 3.55962366e-02, 3.53618972e-02, 3.55907343e-02,
       3.54198106e-02, 3.54198068e-02, 3.55907343e-02, 3.53619009e-02,
       3.55962366e-02, 3.61417234e-02, 3.53301205e-02, 4.67840992e-02,
       6.63579032e-02, 6.85788468e-02, 5.62431328e-02, 4.65823375e-02,
       4.52899747e-02, 4.49250303e-02, 4.47412431e-02, 4.53147665e-02,
       4.51948121e-02, 4.51948121e-02, 4.53147665e-02, 4.47412394e-02,
       4.49250303e-02, 4.52899821e-02, 4.65823300e-02, 5.62431291e-02,
       6.85788468e-02, 7.10323006e-02, 6.71515465e-02, 6.34418800e-02,
       6.27812073e-02, 6.26364276e-02, 6.24240376e-02, 6.30353764e-02,
       6.31350800e-02, 6.31350726e-02, 6.30353764e-02, 6.24240376e-02,
       6.26364276e-02, 6.27811998e-02, 6.34418800e-02, 6.71515316e-02,
       7.10323006e-02, 7.26121664e-02, 7.19974041e-02, 7.21153021e-02,
       7.24839866e-02, 7.22879469e-02, 7.21833780e-02, 7.26174563e-02,
       7.29471669e-02, 7.29471594e-02, 7.26174563e-02, 7.21833780e-02,
       7.22879469e-02, 7.24839941e-02, 7.21153095e-02, 7.19974115e-02,
       7.26121590e-02 ]
